Casos Teste do Trabalho 1 - AlEst II

Caso Teste 71:
Configuração repetida encontrada!
Configuração: [0, 1, 2, 3, 4, 5, 6, 7, 8, 9, 10, 11, 12, 13, 14, 15, 16, 17, 18, 19, 20, 21, 22, 23, 24, 25, 26, 27, 28, 29, 30, 31, 32, 33, 34, 35, 36, 37, 38, 39, 40, 41, 42, 43, 44, 45, 46, 47, 48, 49, 50, 51, 52, 53, 54, 55, 56, 57, 58, 59, 60, 61, 62, 63, 64, 65, 66, 67, 68, 69, 70]
Índice da primeira repetição: 559130
Tempo de execução: 179416700 nanosegundos
Tempo de execução aproximado: 179.4167 milissegundos

Caso Teste 81:
Configuração repetida encontrada!
Configuração: [43, 1, 2, 3, 4, 14, 6, 7, 8, 9, 10, 11, 12, 13, 14, 15, 16, 65, 56, 13, 20, 21, 22, 23, 24, 35, 26, 71, 28, 29, 30, 31, 32, 33, 34, 35, 36, 37, 38, 39, 40, 41, 42, 43, 44, 45, 10, 47, 48, 54, 50, 73, 52, 53, 54, 55, 56, 57, 58, 59, 60, 61, 44, 63, 64, 65, 66, 67, 68, 69, 70, 71, 72, 73, 74, 75, 76, 77, 78, 40, 53]
Índice da primeira repetição: 903210
Tempo de execução: 243425300 nanosegundos
Tempo de execução aproximado: 243.4253 milissegundos

Caso Teste 91:
Configuração repetida encontrada!
Configuração: [0, 1, 2, 3, 4, 5, 6, 7, 8, 9, 10, 11, 12, 13, 14, 15, 16, 17, 18, 19, 20, 21, 22, 23, 24, 25, 26, 27, 28, 29, 30, 31, 32, 33, 34, 35, 36, 37, 38, 39, 40, 41, 42, 43, 44, 45, 46, 47, 48, 49, 50, 51, 52, 53, 54, 55, 56, 57, 58, 59, 60, 61, 62, 63, 64, 65, 66, 67, 68, 69, 70, 71, 72, 73, 74, 75, 76, 77, 78, 79, 80, 81, 82, 83, 84, 85, 86, 87, 88, 89, 90]
Índice da primeira repetição: 17687670
Tempo de execução: 3757424900 nanosegundos
Tempo de execução aproximado: 3757.4249 milissegundos

Caso Teste 101:
Configuração repetida encontrada!
Configuração: [0, 1, 2, 3, 4, 5, 6, 7, 8, 9, 10, 11, 12, 13, 14, 15, 16, 17, 18, 19, 20, 21, 22, 23, 24, 25, 26, 27, 28, 29, 30, 31, 32, 33, 34, 35, 36, 37, 38, 39, 40, 41, 42, 43, 44, 45, 46, 47, 48, 49, 50, 51, 52, 53, 54, 55, 56, 57, 58, 59, 60, 61, 62, 63, 64, 65, 66, 67, 68, 69, 70, 71, 72, 73, 74, 75, 76, 77, 78, 79, 80, 81, 82, 83, 84, 85, 86, 87, 88, 89, 90, 91, 92, 93, 94, 95, 96, 97, 98, 99, 100]
Índice da primeira repetição: 56258202
Tempo de execução: 13407291600 nanosegundos
Tempo de execução aproximado: 13407.2916 milissegundos

Caso Teste 111:
Configuração repetida encontrada!
Configuração: [0, 1, 2, 3, 4, 5, 6, 7, 8, 9, 10, 11, 12, 13, 14, 15, 16, 17, 18, 19, 20, 21, 22, 23, 24, 25, 26, 27, 28, 29, 30, 31, 32, 33, 34, 35, 36, 37, 38, 39, 40, 41, 42, 43, 44, 45, 46, 47, 48, 49, 50, 51, 52, 53, 54, 55, 56, 57, 58, 59, 60, 61, 62, 63, 64, 65, 66, 67, 68, 69, 70, 71, 72, 73, 74, 75, 76, 77, 78, 79, 80, 81, 82, 83, 84, 85, 86, 87, 88, 89, 90, 91, 92, 93, 94, 95, 96, 97, 98, 99, 100, 101, 102, 103, 104, 105, 106, 107, 108, 109, 110]
Índice da primeira repetição: 135605470
Tempo de execução: 41937196100 nanosegundos
Tempo de execução aproximado: 41937.1961 milissegundos

Caso Teste 121:
59 23 78 15 68 101 69 1 13 8 4 61 42 47 12 43 31 28 21 35 22 11 96 104 111 5 81 58 73 107 63 20 71 52 105 120 79 64 18 87 117 37 29 50 99 119 0 26 93 45 84 10 3 85 116 77 24 118 44 94 53 80 82 102 32 100 67 95 112 60 110 46 27 6 106 76 72 16 86 30 55 108 36 90 33 66 114 91 103 56 7 92 41 88 109 51 98 62 97 54 49 113 115 75 65 89 40 17 74 19 39 83 25 2 14 38 48 9 57 34 70 

Caso Teste 131:
86 109 79 126 31 62 72 54 85 33 99 123 50 115 77 10 38 2 42 119 66 108 121 124 93 76 25 102 70 36 117 116 113 3 39 114 7 0 107 12 51 94 43 127 73 28 81 20 87 63 56 129 105 5 49 98 40 34 101 78 128 17 22 23 83 41 9 21 4 106 60 75 71 95 91 118 57 96 74 32 104 6 47 44 29 84 89 16 15 125 18 52 120 112 45 30 14 100 19 80 103 67 27 13 110 11 82 37 65 111 48 24 69 35 55 26 90 64 1 130 88 53 58 68 8 92 46 122 59 97 61 

Caso Teste 141:
9 110 95 46 61 12 27 135 89 11 17 56 123 69 3 52 79 31 47 105 28 40 75 134 133 39 88 116 120 49 33 67 57 76 53 111 14 20 81 136 18 108 92 129 90 106 63 127 1 131 114 85 112 13 83 25 62 32 66 43 48 101 109 37 15 71 41 139 7 54 2 45 115 97 80 42 93 78 100 140 137 126 102 70 121 5 73 84 58 99 0 50 82 29 44 24 74 98 64 51 94 22 65 122 107 59 36 119 132 96 103 10 87 118 23 4 21 77 128 124 138 16 117 91 130 113 26 19 72 6 104 30 86 34 55 68 8 60 125 38 35 

Caso Teste 151:
140 27 141 146 25 32 67 109 63 126 80 33 35 91 93 39 135 47 95 88 21 8 103 110 42 104 139 16 131 36 52 107 70 89 2 98 19 132 66 87 100 85 147 14 45 92 6 31 54 113 97 102 138 117 53 26 127 129 15 22 58 24 72 148 118 115 38 144 61 133 68 73 43 96 122 40 30 1 123 94 84 65 11 130 44 17 48 116 82 101 108 134 142 62 9 69 76 71 112 51 34 4 7 149 5 23 29 78 86 137 60 56 81 28 57 0 99 121 145 79 46 18 106 119 75 136 41 90 12 120 50 124 128 37 20 111 49 143 83 55 59 3 10 64 13 105 114 74 125 150 77

Caso Teste 161:
12 43 117 93 91 22 124 84 49 132 2 138 57 42 104 64 48 51 10 128 94 85 41 136 158 147 65 88 63 98 131 118 16 156 114 107 149 58 59 153 108 152 140 89 77 4 72 80 150 73 75 96 69 70 159 38 3 26 95 146 92 71 5 115 126 68 123 19 27 151 135 47 97 78 113 141 134 99 7 14 46 119 129 139 143 17 105 35 25 53 116 56 79 81 40 120 0 8 102 111 50 106 83 66 67 122 109 60 145 121 29 33 13 45 32 39 110 160 31 24 52 37 21 157 154 55 15 62 87 61 82 23 11 155 100 144 90 6 112 130 20 125 36 142 1 9 44 54 34 28 137 127 101 30 74 76 133 18 148 103 86

Caso Teste 171:
145 99 125 27 101 161 124 33 89 17 20 42 146 54 40 84 113 50 151 169 10 9 76 7 140 21 144 59 47 8 96 41 36 88 43 71 39 116 166 92 110 15 119 19 93 143 62 78 127 112 120 149 79 38 98 128 142 30 49 48 135 74 109 141 102 4 138 46 115 97 100 111 6 60 152 130 32 80 139 126 1 132 12 25 129 159 72 114 56 170 28 11 121 75 66 86 157 31 117 44 2 133 104 108 55 58 13 154 87 52 61 118 77 57 22 156 164 160 69 82 167 103 123 158 105 150 63 94 90 18 3 14 134 153 35 85 165 45 34 91 131 0 147 16 51 107 64 26 162 122 148 136 29 68 37 81 53 106 83 73 67 168 70 5 137 155 23 163 65 95 24

Caso Teste 181:
73 57 125 106 109 169 66 37 124 118 67 102 94 133 81 134 5 10 60 113 122 137 123 138 38 148 143 30 128 77 168 139 44 24 69 36 166 127 126 1 141 83 15 55 135 132 87 19 177 71 18 157 117 4 45 70 40 89 114 163 78 21 107 22 119 108 172 92 86 99 105 65 167 20 7 53 156 101 56 68 155 164 26 111 178 176 95 158 150 96 145 173 97 98 42 61 121 76 74 146 3 2 115 50 8 35 49 149 171 29 41 17 59 11 130 28 79 85 116 23 6 12 129 47 52 51 104 142 93 64 162 159 153 175 147 72 90 112 151 48 179 27 43 13 180 75 103 63 136 152 88 174 160 58 144 32 161 16 91 110 62 46 25 165 9 14 39 80 100 84 154 34 82 120 0 131 170 33 140 54 31

Caso Teste 191:






